%YAML:1.0
image_width: 800
image_height: 592
# distortion_parameters:
k1: -0.138341
k2: 0.228040
p1: 0.004256
p2: 0.003164
k3: 0
# projection_parameters:
fx: 2816.776629
fy: 2816.254586
cx: 984.098070
cy: 637.403018
