%YAML:1.0
image_width: 800
image_height: 592
# distortion_parameters:
k1: -0.084311
k2: 0.019134
p1: -0.000522
p2: 0.002223
k3: 0.000000
# projection_parameters:
fx: 628.029818
fy: 627.527774
cx: 423.338953
cy: 293.058025
