%YAML:1.0
image_width: 800
image_height: 592
# distortion_parameters:
k1: -0.054161
k2: 0.063784   
p1: 0.000032
p2: -0.004349
k3: 0
# projection_parameters:
fx: 653.583853
fy: 651.757098
cx: 379.586970
cy: 289.699124
