%YAML:1.0
image_width: 800
image_height: 592
# distortion_parameters:
k1: -0.050822
k2: 0.059003
p1: -0.000098
p2: -0.002964
k3: 0
# projection_parameters:
fx: 650.543498
fy: 649.110661
cx: 409.609026
cy: 294.167791
