%YAML:1.0
image_width: 800
image_height: 592
# distortion_parameters:
k1: -6.6961346249111459e-02
k2: 1.3532488124864567e-01   
p1: 8.9888929494063988e-04
p2: 4.9370648785628164e-04
k3: -1.3631600552619835e-01
# projection_parameters:
fx: 6.4988239577243326e+02
fy: 6.5052376620475741e+02
cx: 3.8308352691230840e+02
cy: 3.0063713897020284e+02
