%YAML:1.0
image_width: 800
image_height: 592
# distortion_parameters:
k1: -0.096376
k2: 0.042856
p1: 0.002449
p2: 0.007474
k3: 0.000000
# projection_parameters:
fx: 607.708038
fy: 606.924875
cx: 413.949164
cy: 296.483768
