%YAML:1.0
image_width: 800
image_height: 592
# distortion_parameters:
k1: -6.2780929891142673e-02
k2: 9.7086358996252148e-02     
p1: 1.1974628497398801e-04
p2: 1.4095430074928935e-03
k3: -3.1950051845303348e-02
# projection_parameters:
fx: 6.5292760375299019e+02
fy: 6.5366162475888825e+02
cx: 4.0927204620145221e+02
cy: 3.0293931926047458e+02
