%YAML:1.0
image_width: 800
image_height: 592
# distortion_parameters:
k1: -0.064607
k2: 0.068076
p1: -0.000984
p2: -0.000173
k3: 0
# projection_parameters:
fx: 644.050732
fy: 642.929002
cx: 415.052939
cy: 292.805719
