%YAML:1.0
image_width: 1288
image_height: 964
# distortion_parameters:
k1: -0.076300
k2: 0.114997
p1: -0.000324
p2: 0.000544
k3: 0
# projection_parameters:
fx: 1306.453477
fy: 1307.884350
cx: 670.794835
cy: 498.704990


